MATCH UP W/L MIN PTS FGM FGA FG% 3PM 3PA 3P% FTM FTA FT% OREB DREB REB AST STL BLK TOV PF +/-
Jan 31, 2019 - TOR vs. MIL L 35 16 7 20 35.0 0 2 0.0 2 3 66.7 2 6 8 2 3 0 1 2 -8
Jan 27, 2019 - TOR @ DAL W 35 33 10 23 43.5 3 8 37.5 10 11 90.9 1 9 10 3 0 0 0 1 0
Jan 25, 2019 - TOR @ HOU L 39 32 11 19 57.9 3 6 50.0 7 7 100 1 6 7 5 2 0 6 2 5
Jan 16, 2019 - TOR @ BOS L 36 33 10 19 52.6 2 8 25.0 11 11 100 0 4 4 2 4 0 1 0 -3
Jan 13, 2019 - TOR @ WAS W 45 41 15 29 51.7 3 6 50.0 8 9 88.9 6 5 11 5 3 2 3 3 -1
Jan 11, 2019 - TOR vs. BKN W 27 20 9 18 50.0 2 5 40.0 0 1 0.0 4 7 11 4 1 0 2 1 24
Jan 08, 2019 - TOR vs. ATL W 35 31 11 18 61.1 3 6 50.0 6 7 85.7 1 3 4 6 6 1 1 2 10
Jan 05, 2019 - TOR @ MIL W 38 30 8 16 50.0 2 3 66.7 12 15 80.0 0 7 7 6 5 0 2 1 21
Jan 03, 2019 - TOR @ SAS L 33 21 8 13 61.5 0 2 0.0 5 7 71.4 0 1 1 5 2 0 3 2 -22
Jan 01, 2019 - TOR vs. UTA W 35 45 16 22 72.7 0 3 0.0 13 17 76.5 0 6 6 1 0 0 2 2 8