MATCH UP W/L MIN PTS FGM FGA FG% 3PM 3PA 3P% FTM FTA FT% OREB DREB REB AST STL BLK TOV PF +/-
Dec 30, 2018 - TOR vs. CHI W 34 27 8 22 36.4 1 6 16.7 10 11 90.9 1 8 9 0 0 0 2 0 1
Dec 28, 2018 - TOR @ ORL L 29 21 7 19 36.8 2 5 40.0 5 5 100 2 4 6 1 0 1 1 0 -27
Dec 26, 2018 - TOR @ MIA W 35 30 9 20 45.0 2 5 40.0 10 11 90.9 3 5 8 2 2 0 2 0 -1
Dec 21, 2018 - TOR vs. CLE W 32 37 12 16 75.0 2 4 50.0 11 12 91.7 2 4 6 1 1 0 1 1 11
Dec 19, 2018 - TOR vs. IND W 39 28 11 23 47.8 0 3 0.0 6 9 66.7 0 10 10 6 4 0 2 3 7
Dec 16, 2018 - TOR @ DEN L 38 29 12 21 57.1 1 6 16.7 4 4 100 2 12 14 4 0 0 4 1 3
Dec 14, 2018 - TOR @ POR L 38 28 8 17 47.1 4 7 57.1 8 10 80.0 1 5 6 4 1 0 3 5 -1
Dec 09, 2018 - TOR vs. MIL L 37 20 8 18 44.4 1 5 20.0 3 3 100 3 5 8 4 2 2 1 0 10
Dec 07, 2018 - TOR @ BKN L 38 32 10 21 47.6 5 6 83.3 7 8 87.5 0 3 3 4 4 1 3 3 0
Dec 05, 2018 - TOR vs. PHI W 35 36 13 24 54.2 5 6 83.3 5 6 83.3 1 8 9 1 5 1 2 0 4
Dec 03, 2018 - TOR vs. DEN L 35 27 10 19 52.6 1 7 14.3 6 6 100 2 6 8 2 0 0 3 2 -13
Dec 01, 2018 - TOR @ CLE W 37 34 11 21 52.4 3 9 33.3 9 9 100 1 8 9 2 1 2 1 2 28
Nov 29, 2018 - TOR vs. GSW W 44 37 14 24 58.3 3 6 50.0 6 6 100 2 6 8 3 1 1 1 4 3
Nov 27, 2018 - TOR @ MEM W 37 17 5 11 45.5 1 4 25.0 6 9 66.7 0 10 10 5 2 1 1 2 12
Nov 25, 2018 - TOR vs. MIA W 36 29 8 20 40.0 3 8 37.5 10 12 83.3 0 10 10 2 1 2 1 2 23
Nov 23, 2018 - TOR vs. WAS W 30 27 12 22 54.5 1 4 25.0 2 3 66.7 2 8 10 2 2 0 1 0 14
Nov 20, 2018 - TOR @ ORL W 30 18 8 16 50.0 1 3 33.3 1 3 33.3 1 5 6 2 1 0 2 3 -3
Nov 16, 2018 - TOR @ BOS L 43 31 11 25 44.0 0 3 0.0 9 11 81.8 2 13 15 4 3 0 2 0 4
Nov 14, 2018 - TOR vs. DET L 35 26 10 18 55.6 0 2 0.0 6 8 75.0 0 9 9 4 3 0 6 2 1
Nov 12, 2018 - TOR vs. NOP L 34 20 7 20 35.0 1 6 16.7 5 5 100 2 4 6 2 1 1 1 2 -15
Nov 10, 2018 - TOR vs. NYK W 23 12 2 7 28.6 0 2 0.0 8 10 80.0 2 5 7 3 1 0 3 0 8
Nov 07, 2018 - TOR @ SAC W 31 25 7 17 41.2 2 5 40.0 9 9 100 2 9 11 2 0 0 5 0 0
Nov 02, 2018 - TOR @ PHX W 30 19 7 14 50.0 1 2 50.0 4 6 66.7 2 4 6 5 2 1 2 0 4
Oct 30, 2018 - TOR vs. PHI W 34 31 10 19 52.6 2 5 40.0 9 10 90.0 1 6 7 4 4 0 0 4 11
Oct 26, 2018 - TOR vs. DAL W 35 21 7 16 43.8 1 3 33.3 6 6 100 1 8 9 5 3 1 0 0 5
Oct 24, 2018 - TOR vs. MIN W 35 35 15 23 65.2 2 4 50.0 3 4 75.0 1 4 5 2 2 2 3 2 2
Oct 22, 2018 - TOR vs. CHA W 31 22 9 14 64.3 4 7 57.1 0 0 0.0 0 4 4 3 2 0 1 2 27
Oct 19, 2018 - TOR vs. BOS W 36 31 10 25 40.0 2 5 40.0 9 9 100 2 8 10 3 1 0 3 1 17
Oct 17, 2018 - TOR vs. CLE W 37 24 9 22 40.9 1 3 33.3 5 6 83.3 1 11 12 2 0 0 2 3 13
Apr 09, 2019 - TOR @ MIN W 24 20 8 14 57.1 4 7 57.1 0 0 0.0 0 6 6 1 1 1 1 0 10
Apr 07, 2019 - TOR vs. MIA W 38 22 7 19 36.8 3 8 37.5 5 7 71.4 0 4 4 4 1 0 1 2 7
Apr 05, 2019 - TOR @ CHA L 32 29 12 18 66.7 1 5 20.0 4 7 57.1 0 6 6 4 0 0 1 1 0
Apr 03, 2019 - TOR @ BKN W 34 26 11 25 44.0 0 4 0.0 4 4 100 2 7 9 3 0 0 1 1 9
Apr 01, 2019 - TOR vs. ORL W 27 15 5 12 41.7 1 3 33.3 4 4 100 2 5 7 5 1 0 0 1 19
Mar 26, 2019 - TOR vs. CHI W 22 14 4 10 40.0 0 2 0.0 6 6 100 1 3 4 5 6 0 0 0 14
Mar 24, 2019 - TOR vs. CHA L 34 28 10 18 55.6 2 6 33.3 6 6 100 1 8 9 3 0 2 2 1 10
Mar 22, 2019 - TOR vs. OKC L 36 37 12 23 52.2 4 5 80.0 9 10 90.0 2 4 6 4 2 0 8 5 12
Mar 20, 2019 - TOR @ OKC W 42 22 8 19 42.1 2 6 33.3 4 5 80.0 3 7 10 6 2 0 3 3 9
Mar 17, 2019 - TOR @ DET L 36 33 11 21 52.4 5 8 62.5 6 8 75.0 4 6 10 2 1 1 1 2 11
Mar 14, 2019 - TOR vs. LAL W 32 25 8 20 40.0 5 8 62.5 4 6 66.7 0 8 8 4 2 0 4 1 17
Mar 11, 2019 - TOR @ CLE L 31 25 11 19 57.9 3 8 37.5 0 3 0.0 0 9 9 2 1 0 2 1 -8
Mar 08, 2019 - TOR @ NOP W 27 31 14 20 70.0 1 5 20.0 2 3 66.7 0 1 1 2 2 0 2 1 15
Mar 05, 2019 - TOR vs. HOU L 36 26 10 22 45.5 1 4 25.0 5 5 100 2 4 6 1 1 0 1 0 10
Mar 01, 2019 - TOR vs. POR W 34 38 14 22 63.6 2 4 50.0 8 8 100 0 3 3 5 3 0 2 1 14
Feb 26, 2019 - TOR vs. BOS W 26 21 9 15 60.0 1 3 33.3 2 3 66.7 0 6 6 4 1 0 1 0 12
Feb 22, 2019 - TOR vs. SAS W 35 25 8 23 34.8 0 4 0.0 9 10 90.0 3 3 6 2 2 1 1 2 8
Feb 11, 2019 - TOR vs. BKN W 34 30 10 20 50.0 1 5 20.0 9 9 100 1 1 2 8 1 0 3 2 -7
Feb 09, 2019 - TOR @ NYK W 32 11 4 15 26.7 1 5 20.0 2 3 66.7 0 5 5 6 1 0 2 1 2
Feb 05, 2019 - TOR @ PHI W 35 24 3 11 27.3 2 7 28.6 16 17 94.1 2 5 7 3 3 0 3 1 2
Feb 03, 2019 - TOR vs. LAC W 26 18 6 12 50.0 3 5 60.0 3 3 100 1 4 5 2 0 0 2 1 8