MATCHUP W/L MIN PTS FGM FGA FG% 3PM 3PA 3P% FTM FTA FT% OREB DREB REB AST STL BLK TOV PF
DEC 16, 2018 - TOR @ DEN L 240 86 35 88 39.8 7 35 20.0 9 14 64.3 13 38 51 13 5 4 11 16
DEC 14, 2018 - TOR @ POR L 240 122 43 78 55.1 18 31 58.1 18 21 85.7 6 31 37 20 4 4 16 21
DEC 12, 2018 - TOR @ GSW W 240 113 44 91 48.4 9 28 32.1 16 19 84.2 10 38 48 27 12 3 11 17
DEC 11, 2018 - TOR @ LAC W 240 123 50 96 52.1 14 29 48.3 9 12 75.0 10 33 43 34 8 6 7 22
DEC 09, 2018 - TOR vs. MIL L 240 99 39 94 41.5 15 44 34.1 6 7 85.7 11 34 45 24 6 11 11 21
DEC 07, 2018 - TOR @ BKN L 265 105 35 89 39.3 11 35 31.4 24 29 82.8 6 35 41 25 9 7 15 19
DEC 05, 2018 - TOR vs. PHI W 240 113 43 100 43.0 8 29 27.6 19 22 86.4 17 36 53 25 12 3 11 13
DEC 03, 2018 - TOR vs. DEN L 240 103 40 87 46.0 11 41 26.8 12 12 100 7 34 41 28 11 5 17 21
DEC 01, 2018 - TOR @ CLE W 240 106 39 80 48.8 7 26 26.9 21 25 84.0 6 36 42 15 5 5 10 19
NOV 29, 2018 - TOR vs. GSW W 265 131 47 90 52.2 15 38 39.5 22 24 91.7 7 30 37 25 5 6 14 23
NOV 27, 2018 - TOR @ MEM W 240 122 42 69 60.9 18 33 54.5 20 28 71.4 4 27 31 25 5 5 15 18
NOV 25, 2018 - TOR vs. MIA W 240 125 47 90 52.2 11 35 31.4 20 25 80.0 11 36 47 25 4 7 9 21
NOV 23, 2018 - TOR vs. WAS W 240 125 46 93 49.5 17 39 43.6 16 19 84.2 13 37 50 32 5 6 15 23
NOV 21, 2018 - TOR @ ATL W 240 124 48 90 53.3 11 29 37.9 17 23 73.9 14 41 55 33 6 1 17 21
NOV 20, 2018 - TOR @ ORL W 240 93 39 87 44.8 9 34 26.5 6 8 75.0 6 37 43 23 7 5 16 19
NOV 17, 2018 - TOR @ CHI W 240 122 48 89 53.9 14 35 40.0 12 13 92.3 8 46 54 31 14 10 23 24
NOV 16, 2018 - TOR @ BOS L 265 116 42 97 43.3 8 29 27.6 24 29 82.8 11 32 43 20 12 4 13 23
NOV 14, 2018 - TOR vs. DET L 240 104 45 92 48.9 4 20 20.0 10 17 58.8 12 37 49 23 9 3 20 19
NOV 12, 2018 - TOR vs. NOP L 240 110 39 97 40.2 13 45 28.9 19 22 86.4 13 30 43 22 9 5 10 20
NOV 10, 2018 - TOR vs. NYK W 240 128 42 79 53.2 14 35 40.0 30 40 75.0 12 34 46 24 8 4 15 20
NOV 07, 2018 - TOR @ SAC W 240 114 41 89 46.1 11 36 30.6 21 23 91.3 13 40 53 17 10 4 20 20
NOV 05, 2018 - TOR @ UTA W 240 124 49 86 57.0 13 33 39.4 13 14 92.9 7 36 43 21 9 3 14 28
NOV 04, 2018 - TOR @ LAL W 240 121 49 98 50.0 10 35 28.6 13 14 92.9 13 36 49 32 9 4 12 24
NOV 02, 2018 - TOR @ PHX W 240 107 41 81 50.6 12 33 36.4 13 21 61.9 6 33 39 29 11 10 13 23
OCT 30, 2018 - TOR vs. PHI W 240 129 47 92 51.1 11 27 40.7 24 28 85.7 9 34 43 29 13 6 15 26
OCT 29, 2018 - TOR @ MIL L 240 109 39 103 37.9 9 45 20.0 22 28 78.6 15 36 51 25 9 7 10 19
OCT 26, 2018 - TOR vs. DAL W 240 116 44 91 48.4 11 27 40.7 17 20 85.0 12 38 50 23 10 5 12 22
OCT 24, 2018 - TOR vs. MIN W 240 112 46 89 51.7 11 32 34.4 9 12 75.0 11 33 44 26 9 8 16 18
OCT 22, 2018 - TOR vs. CHA W 240 127 50 87 57.5 15 39 38.5 12 14 85.7 5 41 46 36 10 8 13 21
OCT 20, 2018 - TOR @ WAS W 240 117 39 88 44.3 10 29 34.5 29 36 80.6 14 38 52 21 5 5 17 29
OCT 19, 2018 - TOR vs. BOS W 240 113 43 92 46.7 13 35 37.1 14 19 73.7 12 37 49 24 3 3 12 19
OCT 17, 2018 - TOR vs. CLE W 240 116 45 92 48.9 14 33 42.4 12 20 60.0 8 35 43 21 6 7 9 29