MATCHUP W/L MIN PTS FGM FGA FG% 3PM 3PA 3P% FTM FTA FT% OREB DREB REB AST STL BLK TOV PF
APR 09, 2019 - TOR @ MIN W 240 120 46 88 52.3 16 37 43.2 12 17 70.6 7 47 54 24 10 5 18 17
APR 07, 2019 - TOR vs. MIA W 265 117 39 87 44.8 16 41 39.0 23 27 85.2 4 43 47 26 7 5 11 17
APR 05, 2019 - TOR @ CHA L 240 111 43 80 53.8 9 26 34.6 16 20 80.0 5 38 43 27 2 5 14 17
APR 03, 2019 - TOR @ BKN W 240 115 44 105 41.9 15 38 39.5 12 14 85.7 17 35 52 29 9 1 7 16
APR 01, 2019 - TOR vs. ORL W 240 121 42 84 50.0 19 37 51.4 18 22 81.8 6 33 39 31 9 8 14 20
MAR 30, 2019 - TOR @ CHI W 240 124 46 89 51.7 18 38 47.4 14 18 77.8 6 41 47 35 10 4 11 15
MAR 28, 2019 - TOR @ NYK W 240 117 40 89 44.9 20 47 42.6 17 22 77.3 6 38 44 32 8 6 8 28
MAR 26, 2019 - TOR vs. CHI W 240 112 42 86 48.8 12 28 42.9 16 16 100 2 37 39 28 13 7 15 16
MAR 24, 2019 - TOR vs. CHA L 240 114 45 77 58.4 11 26 42.3 13 13 100 3 32 35 29 6 11 13 17
MAR 22, 2019 - TOR vs. OKC L 240 109 39 78 50.0 13 25 52.0 18 21 85.7 11 35 46 20 7 7 21 24
MAR 20, 2019 - TOR @ OKC W 265 123 45 87 51.7 14 36 38.9 19 21 90.5 6 46 52 30 11 5 17 27
MAR 18, 2019 - TOR vs. NYK W 240 128 49 88 55.7 17 40 42.5 13 22 59.1 5 45 50 36 5 6 14 22
MAR 17, 2019 - TOR @ DET L 240 107 39 82 47.6 18 36 50.0 11 14 78.6 7 31 38 25 2 2 12 22
MAR 14, 2019 - TOR vs. LAL W 240 111 36 91 39.6 16 41 39.0 23 29 79.3 13 39 52 21 15 6 17 20
MAR 11, 2019 - TOR @ CLE L 240 101 40 84 47.6 11 39 28.2 10 17 58.8 6 37 43 20 8 3 20 24
MAR 10, 2019 - TOR @ MIA W 240 125 42 74 56.8 21 40 52.5 20 26 76.9 6 38 44 32 8 8 19 23
MAR 08, 2019 - TOR @ NOP W 240 127 53 99 53.5 13 37 35.1 8 9 88.9 7 44 51 31 10 12 16 14
MAR 05, 2019 - TOR vs. HOU L 240 95 37 89 41.6 9 32 28.1 12 16 75.0 16 31 47 16 1 5 13 15
MAR 03, 2019 - TOR @ DET L 265 107 37 96 38.5 14 39 35.9 19 24 79.2 18 32 50 22 8 3 15 28
MAR 01, 2019 - TOR vs. POR W 240 119 45 81 55.6 10 28 35.7 19 21 90.5 2 30 32 29 9 6 14 17
FEB 26, 2019 - TOR vs. BOS W 240 118 46 94 48.9 17 36 47.2 9 14 64.3 8 37 45 33 7 5 8 24
FEB 24, 2019 - TOR vs. ORL L 240 98 38 91 41.8 11 28 39.3 11 14 78.6 6 36 42 30 6 2 13 20
FEB 22, 2019 - TOR vs. SAS W 240 120 40 94 42.6 14 30 46.7 26 32 81.3 14 33 47 24 8 3 9 20
FEB 13, 2019 - TOR vs. WAS W 240 129 44 92 47.8 16 38 42.1 25 30 83.3 9 43 52 32 8 8 14 27
FEB 11, 2019 - TOR vs. BKN W 240 127 50 92 54.3 9 31 29.0 18 20 90.0 5 35 40 32 12 3 13 16
FEB 09, 2019 - TOR @ NYK W 240 104 33 86 38.4 14 35 40.0 24 29 82.8 10 37 47 27 8 5 12 15
FEB 07, 2019 - TOR @ ATL W 240 119 40 87 46.0 13 40 32.5 26 33 78.8 12 38 50 29 6 2 8 23
FEB 05, 2019 - TOR @ PHI W 240 119 41 89 46.1 11 31 35.5 26 32 81.3 15 27 42 27 12 0 10 27
FEB 03, 2019 - TOR vs. LAC W 240 121 43 94 45.7 9 33 27.3 26 31 83.9 16 40 56 21 10 5 14 28
JAN 31, 2019 - TOR vs. MIL L 240 92 37 93 39.8 7 27 25.9 11 13 84.6 8 31 39 16 9 4 16 20
JAN 27, 2019 - TOR @ DAL W 240 123 37 83 44.6 17 34 50.0 32 38 84.2 8 36 44 24 6 5 7 27
JAN 25, 2019 - TOR @ HOU L 240 119 44 91 48.4 14 36 38.9 17 18 94.4 12 35 47 27 4 1 19 25
JAN 23, 2019 - TOR @ IND L 240 106 38 92 41.3 12 39 30.8 18 23 78.3 10 35 45 28 2 5 9 22
JAN 22, 2019 - TOR vs. SAC W 240 120 40 91 44.0 16 40 40.0 24 35 68.6 12 34 46 25 7 5 16 21
JAN 19, 2019 - TOR vs. MEM W 240 119 44 90 48.9 17 36 47.2 14 16 87.5 8 29 37 31 19 8 10 17
JAN 17, 2019 - TOR vs. PHX W 240 111 43 86 50.0 7 28 25.0 18 25 72.0 9 30 39 27 8 8 14 27
JAN 16, 2019 - TOR @ BOS L 240 108 41 92 44.6 7 29 24.1 19 21 90.5 14 28 42 20 9 2 10 14
JAN 13, 2019 - TOR @ WAS W 290 140 49 104 47.1 13 36 36.1 29 36 80.6 17 42 59 24 16 8 21 27
JAN 11, 2019 - TOR vs. BKN W 240 122 48 105 45.7 11 35 31.4 15 24 62.5 13 42 55 32 10 4 9 22
JAN 08, 2019 - TOR vs. ATL W 240 104 37 80 46.3 10 32 31.3 20 27 74.1 6 33 39 26 18 7 18 20
JAN 06, 2019 - TOR vs. IND W 240 121 44 85 51.8 17 33 51.5 16 17 94.1 8 33 41 30 9 4 15 21
JAN 05, 2019 - TOR @ MIL W 240 123 42 82 51.2 14 31 45.2 25 31 80.6 4 34 38 28 9 6 11 22
JAN 03, 2019 - TOR @ SAS L 240 107 39 87 44.8 6 30 20.0 23 29 79.3 9 30 39 21 9 6 10 23
JAN 01, 2019 - TOR vs. UTA W 240 122 45 82 54.9 7 20 35.0 25 35 71.4 5 40 45 18 4 6 9 21
DEC 30, 2018 - TOR vs. CHI W 240 95 34 92 37.0 9 33 27.3 18 20 90.0 17 35 52 17 5 8 11 15
DEC 28, 2018 - TOR @ ORL L 240 87 28 95 29.5 12 34 35.3 19 24 79.2 14 27 41 18 4 10 11 21
DEC 26, 2018 - TOR @ MIA W 240 106 37 79 46.8 13 30 43.3 19 23 82.6 10 33 43 19 8 2 16 16
DEC 22, 2018 - TOR @ PHI L 240 101 37 95 38.9 10 40 25.0 17 19 89.5 8 33 41 17 5 2 15 24
DEC 21, 2018 - TOR vs. CLE W 240 126 48 91 52.7 9 31 29.0 21 26 80.8 13 31 44 21 9 5 8 23
DEC 19, 2018 - TOR vs. IND W 240 99 38 93 40.9 7 30 23.3 16 21 76.2 11 32 43 20 15 9 9 19